"Time ",U0,U1,U2,U3,L0,L1,L2,L3,L4,U1L1,U0L3,U0L0,U0L4,U1L0,U2L0,U2L4,U2L1,U3L3,U3L0,U3L4
0.11,0.3538992030856669,6.376906313534943,195.34767236503797,7.740773277618478,34.72397930131337,3.100933704753988,380.200912489476,187.35130964876447,0.44211601496724345,1038.4527936696377,270.0682411477826,17.427796701393373,542.4757943472329,220.0184496626589,530.7762946143836,122.36975665540459,637.7055160699008,184.02738558984927,759.0534993257704,1095.5829508666693
0.11009105880208316,0.3535362837458015,6.368614126667588,195.16974189308024,7.733773407700921,34.7246289803048,3.100857146910342,380.0052456228101,187.35287185715168,0.44206210401568546,1038.4738242839321,270.0577015118303,17.39914353225336,542.4850836850106,219.97998821156506,530.8682883331442,122.34547202331918,637.6820896322797,183.942611073531,759.0279705591026,1095.5977581833524
0.11020364859014012,0.3530876233453328,6.35838304039272,194.94998743526526,7.725125801525582,34.725443758742486,3.100764257659019,379.7635402930469,187.35483958402742,0.44199600705109077,1038.499802324847,270.04463459492155,17.36378911099096,542.4965579980817,219.932464334789,530.981890550201,122.31547368486925,637.6531495881928,183.83786677048096,758.9964318750624,1095.6160496789412
0.11029780316868455,0.35271250839808616,6.349845602626079,194.7664252854875,7.7179004123361175,34.72613490602379,3.1006880693571843,379.5616039387361,187.3565156937279,0.44194120100088446,1038.5215053514903,270.033677471471,17.334286073037006,542.5061437714734,219.89274894062135,531.0767700709347,122.29041131774773,637.6289698285409,183.7503368859958,758.9700796503881,1095.6313317353108
0.1104376235446109,0.35215563892886437,6.3371982640603735,194.49418653065433,7.7071811952596425,34.7271777598088,3.1005774126505203,379.2620499538389,187.3590559176161,0.44186058498690073,1038.5536986200254,270.0173562389558,17.29057858453731,542.5203623359095,219.83381663749336,531.2174627454142,122.25323394253371,637.5930990760577,183.62046130319027,758.930983930412,1095.6540015333142
0.11056588433134604,0.3516450388848708,6.325628784880518,194.24482500079958,7.697359274668385,34.7281517960271,3.1004784899456093,378.98760067196736,187.3614397133217,0.4417874279695921,1038.583192674185,270.00233222498485,17.250594396504052,542.5333881688147,219.77980424582407,531.3463093764868,122.21917265452494,637.5602321038543,183.50143546171245,758.8951598581068,1095.6747717550797
0.11066853938422046,0.35123656072246345,6.316391133383031,194.04550014866123,7.689505830700461,34.72894341734611,3.1004010811543647,378.7681753608096,187.36338440231634,0.4417294118389288,1038.606772707099,269.99027178911723,17.218668042758868,542.5438016889826,219.7366076625542,531.4492857877638,122.19194052702709,637.5339528962306,183.40624901298222,758.8665147747582,1095.6913780108978
0.11078834229881251,0.35076008655567037,6.305635143581486,193.8131651652523,7.6803491208205,34.729880856179854,3.100312708212093,378.51235851526224,187.36569514137503,0.4416622951788773,1038.6342626029195,269.97615666324,17.181493205130373,542.5559413957624,219.68623232411167,531.5692981253986,122.16019226736557,637.5033133886215,183.29524905221405,758.8331151886359,1095.710738673385
0.11090695908683701,0.3502886089023565,6.295011790045203,193.58343322025564,7.6712921988952125,34.73082347294201,3.100227278533406,378.25935204917965,187.36802655957106,0.44159645787041973,1038.6614496035363,269.96213893136286,17.14477595325457,542.5679467840221,219.6363949347835,531.6879467789432,122.12879311314394,637.4730084439863,183.18543998471978,758.8000785736671,1095.7298869426809
0.11102438974829393,0.3498221453976968,6.284520170814692,193.35629476941384,7.6623347967150375,34.731770882540616,3.100144711828263,378.0091472291577,187.37037718916122,0.4415318696516282,1038.6883347038038,269.94822002854545,17.108513361620556,542.5798182879813,219.58709431052398,531.8052372499268,122.09774197730653,637.4430370680138,183.07681891226068,758.7674039229711,1095.7488234838431
0.11115231135238769,0.3493143766997029,6.273119996922155,193.10919923161015,7.652587307778625,34.7328190833732,3.100057022085296,377.7368968664371,187.3729857743609,0.4414621667522723,1038.7175877233847,269.9330110330105,17.0691099502129,542.5927347111042,219.53343277217786,531.9328119893554,122.06395529911197,637.4104226249066,182.9585955837844,758.7318459477062,1095.769428887419
0.11129072389911832,0.34876542983162656,6.260818470197849,192.84223179226262,7.642052342216882,34.733972283074685,3.099964761581216,377.4426791083836,187.375864380294,0.4413875011736442,1038.749200069207,269.9165002290598,17.02659070361216,542.6066920582475,219.4754214512174,532.0706215641128,122.0274428811488,637.3751738751677,182.83079585970222,758.6934137573014,1095.7916973487893
0.11143033537959439,0.34821225094821856,6.2484455598204,192.57336443141418,7.631438684856015,34.73515558393149,3.0998744331052475,377.1462912305832,187.37882671445345,0.4413129649636529,1038.7810445259615,269.8997892852495,16.983824546653615,542.6207509942501,219.41696135000709,532.2093855565792,121.99066163184749,637.3396622674995,182.70201437793938,758.6546927387826,1095.814130545882
0.11157114579381593,0.3476548868705911,6.236001979685222,192.30260698284505,7.62074667133395,34.736369577281685,3.0997860781512783,376.84774228271806,187.38187402216698,0.4412385604150558,1038.813120141643,269.8828770063371,16.940814206274265,542.6349110445293,219.35805383146297,532.349098213879,121.95361269614436,637.3038887966101,182.57225412134258,758.6156839638346,1095.8367278230576
0.11171971903828463,0.34706744550674234,6.222910918739063,192.0173778972681,7.609479149860551,34.737672929647545,3.099695813747939,376.5331519485004,187.38515384440808,0.4411608750687468,1038.846918147136,269.86496970804916,16.895566274166722,542.6498304005314,219.295958200344,532.4962490901213,121.91457363152978,637.2661899576841,182.435478391171,758.5745733161566,1095.8605398536295
0.11187605511300053,0.3464500681936896,6.2091783316105555,191.7177493545287,7.5976383792311255,34.73906933794991,3.0996040803958915,376.2025864810289,187.38867621453196,0.44108001965567495,1038.8824313118726,269.8460576671374,16.84810172102525,542.6655056631615,219.23068398649644,532.6507962405476,121.87355276019714,637.2265731520346,182.29170909514204,758.5313685430455,1095.8855617338588
0.112035600906642,0.3458208536554661,6.195208436016544,191.41250034945006,7.585570879915111,34.74052089414541,3.099513857788397,375.8657215730453,187.39234577284873,0.4409984212076285,1038.9186201054047,269.8266846834954,16.799818097779557,542.6814778223539,219.16413922696228,532.808208028353,121.83175084713014,637.1861975625235,182.14514932976263,758.4873336008353,1095.9110611592014
0.11219835641920906,0.3451798897723531,6.181003667863363,191.10166200405718,7.573277669654568,34.74202930902402,3.0994253117100334,375.5225858248505,187.3961666737709,0.44091611199019376,1038.9554814553176,269.80684674991653,16.75072426736573,542.6977454014246,219.09632811797897,532.968466315466,121.78917149477992,637.1450663606108,181.99580853639608,758.4424718576342,1095.9370360267305
0.11236823700362955,0.34451188260014787,6.166226472753268,190.7778086830196,7.560464691629113,34.74363365552213,3.0993366059333334,375.1649723912389,187.4002379003938,0.44083117691220963,1038.9938969496036,269.7860598057043,16.699654149477787,542.7146972810078,219.02562631739303,533.1353960533571,121.7447964068218,637.1021953885246,181.84010988150408,758.3957097119611,1095.964107675209
0.1125452426599035,0.3438170011238173,6.150882855542617,190.44101501316263,7.547134336461338,34.745337889060934,3.0992481688729994,374.79294981264303,187.40456962150378,0.440743714207876,1039.0338591650984,269.7643140208311,16.64662921581606,542.7323299374693,218.95204377871957,533.3089538140129,121.69863420312048,637.0575922744886,181.67807600838591,758.3470552111932,1095.992271043523
0.11272743355208159,0.3431030204876268,6.135146249793811,190.09503841332884,7.533434846375918,34.74712691167974,3.099161339520381,374.41065618753396,187.40912332827278,0.4406547629775932,1039.074923563086,269.7418390576558,16.59224959977849,542.7504469906163,218.8763958108806,533.4871988582527,121.65119846401792,637.0117526124671,181.51150283005313,758.2970487499207,1096.0212129821782
0.11291480968016386,0.3423700876736457,6.119021138345106,189.73993617521717,7.519368103995244,34.74900387124899,3.099076424446972,374.018144171068,187.4139066529027,0.4405643855627262,1039.1170844889032,269.71862756020533,16.536531607319557,542.7690457282563,218.79869013976364,533.6700977944621,121.6024958198431,636.9646822381571,181.34040772355272,758.245696540045,1096.0509296121024
0.11300849774420499,0.34200415271111206,6.110981026250546,189.56265862563853,7.51234335282493,34.74995646858243,3.0990356164993296,373.82213931035926,187.41633615432184,0.44051960766059367,1039.1381375916808,269.70698517006116,16.508751908831716,542.7783322162185,218.7598735065533,533.761388235004,121.57817605042379,636.9411750795748,181.25494319213948,758.2200498450313,1096.065769336515
0.11311010858387534,0.34160767922887386,6.102277831560551,189.3705953069777,7.504731052881452,34.751000286247624,3.098992589725513,373.6097481438628,187.41899950388205,0.4404713469288819,1039.1609504958672,269.69433074663607,16.478682588599344,542.7883943279476,218.71780159241968,533.860279047274,121.55182340850877,636.9157011032979,181.16231376231562,758.1922564615697,1096.0818500073526
0.11321171942354569,0.34121163404957566,6.0935920885378145,189.17874582551062,7.497125524590335,34.75205521914458,3.098950836269248,373.3975533142811,187.4216923051584,0.44042339783339174,1039.1837420456234,269.68164781922496,16.448675123690485,542.7984463659757,218.67575803690062,533.9590455176527,121.52549543915327,636.8902490209589,181.0697492224684,758.1644860908295,1096.0979161516243
0.11331333026321602,0.3408160218729442,6.084923731389366,188.98710987138142,7.4895267732896915,34.753121286570995,3.0989103472201927,373.18555454884404,187.42441445946733,0.4403757558292042,1039.2065122859797,269.66893649042106,16.41872936739274,542.8084883427074,218.63374282584596,534.0576878098825,121.49919211064562,636.8648187942225,180.97724947647603,758.1367387106334,1096.1139677923163
0.11341494110288637,0.34042084713028953,6.076272694762089,188.79568713527357,7.481934804299009,34.75419850746279,3.0988711137736984,372.9737515752958,187.4271658684637,0.44032841646730436,1039.2292612617882,269.65619686252865,16.388845173510113,542.8185202706295,218.5917559449249,534.1562060875352,121.47291339126966,636.8394103848284,180.88481442834876,758.1090142990003,1096.130004952244
0.11352415968575413,0.3399965776467481,6.066993183260497,188.59016972447458,7.473781983234852,34.75536883990767,3.0988303330649187,372.74630864096724,187.43015578941873,0.4402778652564965,1039.2536898234187,269.64247196118595,16.3567919913376,542.8292921116223,218.5466570231399,534.2619624609055,121.44469455369139,636.8121238980002,180.78553067681878,758.0792397101568,1096.1472267146028
0.11363337826862188,0.3395728232095991,6.057733528003906,188.38489791523924,7.465637010762174,34.75655210252161,3.098790982307402,372.51909126374505,187.4331792752332,0.44022765340602515,1039.2780939239367,269.62871460870775,16.324809586647255,542.8400523729622,218.50159079748022,534.3675759457557,121.41650407218457,636.7848625263653,180.68632144424987,758.0494916060567,1096.1644318007022
0.11374259685148963,0.3391495883655109,6.0484936495507355,188.17987132546878,7.4574998933684,34.75774831742731,3.0987530509759282,372.29209910750654,187.43623620507913,0.44017777576282463,1039.302473618351,269.6149249310222,16.292897779841205,542.8508010704373,218.45655724943924,534.4730467446029,121.38834190734545,636.7576262227009,180.5871866119527,758.0197699601649,1096.1816202382536
0.11385181543435739,0.3387268773645943,6.039273469021082,187.97508957377187,7.449370637488329,34.75895750629707,3.098716528678099,372.0653318368084,187.4393264585712,0.44012822728948287,1039.326828961441,269.6011030536721,16.261056391975455,542.8615382199198,218.41155636028532,534.5783750597369,121.36020801976964,636.730414939884,180.48812606142022,757.9900747461951,1096.198792054773
0.11397118558877933,0.3382654803250741,6.0292187346865775,187.75155349505164,7.4404947883292305,34.76029394983667,3.0986782112131412,371.8177439782816,187.4427419149447,0.4400744441148078,1039.3534202804371,269.5859597897555,16.22633576410035,542.8732601692772,218.3624100912423,534.6933306304667,121.32949145890257,636.7007030039214,180.379942920479,757.9576496430676,1096.217540967208
0.11409055574320127,0.33780471857940136,6.0191873352247995,187.52830893282746,7.431628345844431,34.76164594361432,3.0986415514319754,371.5704239171241,187.44619687828603,0.4400210420180259,1039.379982646997,269.57077837461844,16.19169880916336,542.8849683641366,218.31330278659638,534.8081165045285,121.29880857765812,636.6710208387888,180.27184821604766,757.9252560490348,1096.2362700933231
0.11420992589762322,0.3373445965941708,6.009179169980146,187.30535539197726,7.422771318142204,34.76301351408706,3.0986065363114053,371.32337121816585,187.44969119322974,0.43996801489813986,1039.4065161316905,269.55555897058133,16.15714529615628,542.8966628255009,218.26423442095214,534.9227329451633,121.26815932458923,636.6413683833799,180.16384179416463,757.8928939308023,1096.2549794683073
0.11432929605204516,0.3368851184882072,5.999194139061546,187.0826923783742,7.413923713224867,34.764396687115784,3.098573153005696,371.0765854471954,187.4532247050285,0.43991535680189137,1039.4330208047713,269.5403017394167,16.122674994958352,542.9083435744604,218.21520496861578,535.0371802152847,121.23754364825537,636.6117455767317,180.055923501136,757.8605632554102,1096.2736691271123
0.11445997455187211,0.33638285519204275,5.98828960016116,186.83926826302323,7.40424875760562,34.765928812412426,3.098538463233988,370.8067263549466,187.4571377188943,0.43985812649323136,1039.462003404387,269.52355595682195,16.085034342024866,542.9211151835163,218.16157537430482,535.162275810901,121.20406608139245,636.5793504226618,179.9378826028988,757.825205797313,1096.2941067563409
0.11459065305169906,0.3358813726832469,5.9774125387023265,186.596191090799,7.394585114209293,34.76747969900378,3.0985056975580916,370.5371860739098,187.46109732182586,0.43980132409478967,1039.4909516500802,269.5067652446002,16.047492839263274,542.9338704122713,218.10799234958134,535.2871693244651,121.17062862515529,636.546990648419,179.8199469371384,757.7898859402137,1096.3145208437707
0.11472133155152602,0.3353806751541457,5.96656282682008,186.35346021737544,7.384932792968717,34.76904937837403,3.0984748398568347,370.2679640383454,187.46510331333306,0.4397449424075076,1039.519865632708,269.489929812726,16.010050188310604,542.9466092886531,218.054455859479,535.4118610996777,121.13723121208315,636.5146661746221,179.7021163033313,757.754603642257,1096.334911434387
0.11485201005135297,0.3348807663883281,5.955740337693717,186.11107499983984,7.375291803632381,34.77063788121781,3.0984458742462753,369.99905968387463,187.46915549379366,0.4396889744203777,1039.5487454426898,269.473049870392,15.972706092019697,542.9593318406783,218.00096586863526,535.5363514797594,121.10387377473536,636.4823769220967,179.58439050134703,757.7193588620374,1096.3552785728862
0.11499748001241661,0.334325205027346,5.943724719920624,185.84166004444495,7.364572893603508,34.772428362654146,3.098415836411184,369.70009109037716,187.47372042382918,0.4396271497232503,1039.5808540661806,269.4542071938758,15.931250586237578,542.9734752883585,217.94147600962796,535.6746964289835,121.06678755556364,636.4464741890606,179.45346240863344,757.6801688135002,1096.3779235319141
0.11514294997348024,0.33377062964187404,5.931742508678058,185.5726717448034,7.353868050530123,34.77424224704852,3.0983881026423803,369.4015146921967,187.47834207163578,0.4395658201285214,1039.6129205781644,269.4353099049544,15.889916435266835,542.9875985806107,217.88204367777928,535.812792708149,121.02975069742878,636.4106148954547,179.32266370016598,757.6410251500935,1096.4005395452755
0.11528841993454388,0.33321704405790503,5.919793533648781,185.30410921997446,7.343177286823744,34.7760795733129,3.098362652066601,369.1033297167188,187.4830201656146,0.43950497679047956,1039.6449451014412,269.4163582887656,15.848703234330236,543.0017017562851,217.82266882253438,535.950640788813,120.99276310738873,636.3747989329823,179.1919941016204,757.6019278166804,1096.423126673546
0.11543388989560752,0.33266445158634833,5.90787762603391,185.03597159117058,7.332500614582436,34.77794037924996,3.098339464147021,368.80553539339166,187.4877544354671,0.43944461111598015,1039.6769277581661,269.3973526292578,15.807610580437043,543.0157848543234,217.7633513927808,536.088241141772,120.95582469254836,636.3390261936639,179.06145333928623,757.5628767587648,1096.445684976923
0.11559794132887516,0.33204246940056986,5.894479114746553,184.73409232426343,7.320477088334671,34.78006708926338,3.0983160037522097,368.47017031230365,187.49316049404604,0.43937709737841013,1039.7129456123985,269.37585481389846,15.761413119609598,543.0316428043841,217.69652593750922,536.2431211242631,120.9142268653751,636.2987357789945,178.91439230312665,757.518893001907,1096.4710902364798
0.1157619927621428,0.33142175766203696,5.881122208009494,184.4327510640666,7.3084715143525045,34.78222375781688,3.0982953668697233,368.1352999800765,187.49863727031993,0.4393101690060185,1039.7489105491486,269.3542890303547,15.715367885432677,543.0474753254703,217.62977337422717,536.3976873217654,120.87269132724659,636.2585000440434,178.76749438081453,757.474967952858,1096.49645899856
0.11592604419541044,0.3308023195069207,5.867806670778842,184.13194655958773,7.296483908115368,34.784410434091235,3.0982775255858384,367.8009233009476,187.50418438252703,0.439243814835647,1039.7848227406355,269.3326556804022,15.669474307738552,543.0632824735017,217.56309362700395,536.551940406398,120.83121794514778,636.2183188354305,178.6207591826481,757.4311015364163,1096.5217913481106
0.11609009562867809,0.33018415737759227,5.854532270323113,183.8316775633003,7.284514284577528,34.786627165641605,3.098262452484525,367.4670391824423,187.50980145095298,0.43917802405559714,1039.8206823580833,269.31095516391883,15.623731819133553,543.0790643044932,217.49648661909038,536.7058810489996,120.78980658616557,636.1781920002877,178.4741863199297,757.3872936783309,1096.5470873695479
0.11627484976318725,0.32948951574925384,5.839631652366895,183.49415528772207,7.271055685150076,34.78915968177352,3.098248757914959,367.0916084513099,187.51621065773477,0.4391045922535788,1039.8610045979874,269.28643620103657,15.572396980898805,543.096807504604,217.42156103691843,536.8788752095072,120.74324335444153,636.1330662117788,178.3093103624394,757.3380274441128,1096.575532268701
0.11645960389769641,0.3287964975302066,5.824782591555787,183.15730885659977,7.257619930712545,34.791730438743535,3.098238502530926,366.7167995117019,187.52270757598453,0.4390318474359226,1039.9012606146575,269.2618331198033,15.52125225282534,543.1145187454516,217.34672750064675,537.0514748984959,120.69675842975012,636.0880089761482,178.14463925413506,757.2888352845139,1096.6039313182391
0.11664435803220558,0.3281051044737646,5.809984766177187,182.82113650292976,7.244207039392086,34.794339497144406,3.0982316494412667,366.3426108180385,187.52929167257733,0.43895977576976586,1039.9414506480746,269.2371464826913,15.470296836410146,543.1321981068116,217.2719858967991,537.2236810690284,120.6503516227119,636.0430200774417,177.98017244448755,757.239717097858,1096.632284636983
0.11682911216671474,0.3274153373756723,5.795237857999966,182.48563646527055,7.23081702848918,34.796986915225105,3.0982281624792116,365.9690408299443,187.53596241758524,0.4388883638999843,1039.9815749366996,269.2123768491735,15.419529937448551,543.1498456685601,217.19733611071936,537.3954946720092,120.60402274415226,635.9980993005274,177.81590938459286,757.1906727838525,1096.6605923430002
0.11702886458303247,0.32667140519922255,5.779350722366927,182.1236550109097,7.216365781108395,34.799892471355626,3.098228138683876,365.5658388591161,187.54327156806957,0.4388118823574731,1040.0248828088036,269.185503691231,15.36485297910119,543.1688901691122,217.11672944561602,537.5808154815287,120.5540203581754,635.9496082630922,177.63854010115156,757.1377300654551,1096.691146878246
0.1172286169993502,0.3259293744559919,5.763522345918034,181.7624551941948,7.201941317162969,34.802843000672155,3.0982319645660112,365.1633563959752,187.5506807289992,0.4387361415176808,1040.0681144027549,269.1585348642873,15.310394471125676,543.1878976910485,217.0362298270807,537.7656797060126,120.50410860716129,635.9011963364281,177.46140766180926,757.0848734619673,1096.7216483800073
0.11742836941566791,0.3251892447155932,5.747752340477393,181.4020348095142,7.187543653863561,34.80583856764531,3.09823959728068,364.7615915141146,187.5581892431261,0.4386611264024937,1040.111270013834,269.1314710634928,15.256153425606684,543.206868334613,216.95583710536636,537.950088539849,120.45428725283888,635.8528632519808,177.28451137941792,757.0321028521929,1096.7520969956097
0.11762812183198564,0.3244510143963571,5.732040322306256,181.0423916588372,7.173172807355193,34.80887923389719,3.09825099487183,364.36054229411207,187.56579645743346,0.4385868225789057,1040.154349935352,269.1043129799856,15.202128860297845,543.2258022001395,216.8755511292944,538.1340431743406,120.40455605726882,635.8046087423111,177.10785056905345,756.9794181166321,1096.7824928714497
0.11784676952704767,0.32364512794675543,5.714908076043266,180.64961700867318,7.157473330880951,34.81225929679831,3.0982677380671046,363.92237457547554,187.57423564402035,0.4385062891812868,1040.201418513616,269.07447864845693,15.143240932558948,543.2464850431437,216.78779281092702,538.3348794482214,120.35022368797787,635.751879430518,176.91474792518196,756.9218480520099,1096.8157037130331
0.11806541722210971,0.32284151282553064,5.697844361537881,180.25776810070545,7.141806018289899,34.8156935379747,3.098288890407736,363.4850595264842,187.58279146442231,0.4384265740682474,1040.2483971336733,269.04453307203215,15.084609932638182,543.2671240713157,216.70016200270695,538.5351745098153,120.29599874514611,635.6992435952775,176.72192569866328,756.8643805834337,1096.848851730869
0.11828406491717175,0.3220401659844376,5.680848694223528,179.86684208137592,7.126170884117214,34.81918202666914,3.098314400538385,363.0485946584345,187.59146307948458,0.43834766057290636,1040.2952861719307,269.0144771404116,15.026234593905034,543.2877194148375,216.61265850020473,538.7349299105142,120.24188091810437,635.6467008905969,176.529383000679,756.807015561329,1096.8819371148707
0.11850271261223379,0.32124108283393293,5.663920595443386,179.47683610800058,7.1105679415331355,34.82272482851971,3.098344218239102,362.6129774924565,187.600249655922,0.4382695326721378,1040.342086002126,268.9843117376773,14.968113657614698,543.3082712040045,216.52528209719162,538.9341471970704,120.18786989672778,635.5942509720679,176.337118945592,756.7497528382789,1096.914960053701
0.11874016806879602,0.3203758231511202,5.645612352556314,179.054321239954,7.0936593325272055,34.82663397103403,3.0983814230683544,362.1408465006247,187.60992129706344,0.4381855563965171,1040.392810870326,268.9514285724977,14.905279951930519,543.3305416441759,216.430533427403,539.1498931307065,120.12933354562081,635.5373940888039,176.12863121040778,756.6876801658958,1096.9507530645394
0.11897762352535825,0.31951322275593635,5.627382648637165,178.63288455132667,7.076788714416122,34.83060731987607,3.0984235893628114,361.6697092579685,187.61972650002636,0.4381024699005526,1040.4434314321747,268.9184184463063,14.84274322800797,543.3527610326203,216.33593414834075,539.3650081841329,120.07092240400583,635.4806457998674,175.9204699504662,756.6257277949064,1096.986472887698
0.11921507898192048,0.3186532755669627,5.609230894870036,178.21252244122013,7.0599560950244875,34.834644944929025,3.0984706573542122,361.1995626284185,187.62966422072395,0.4380202552543177,1040.493948155467,268.88528246871226,14.780501902295265,543.3749295338752,216.2414839882577,539.5794943226887,120.0126360768539,635.4240056706864,175.7126340445542,756.5638955453878,1097.0221197625992
0.11945253443848271,0.3177959734128731,5.591156510028797,177.7932313238473,7.043161480568428,34.838746911694926,3.098522568667305,360.7304034892992,187.6397334229395,0.4379388952547334,1040.5443615045035,268.8520217417294,14.718554401891575,543.397047312659,216.14718267324972,539.7933535049717,119.95447416997877,635.3674732688601,175.50512237585005,756.5021832400452,1097.0576939269831
0.11969618295857024,0.3169190543072933,5.5726905495734815,177.36411420636594,7.025968353697561,34.8430228061294,3.0985808087273177,360.25003143317895,187.65020083137142,0.4378562845354443,1040.5959827107627,268.8177650183532,14.655295032555573,543.4196893911728,216.05057631925496,540.0121406890312,119.8949242630384,635.3095779759074,175.29253447205463,756.4389859139144,1097.094120568709
0.11993983147865775,0.31604490469479884,5.554304832655759,176.9361170701031,7.0088152424038865,34.84736656747939,3.098644028232645,359.7706924306042,187.66080448407735,0.43777453946229106,1040.647496058805,268.7833792790811,14.592341690201392,543.4422784146543,215.95412608344358,540.2302719476378,119.83550451282045,635.2517951878716,175.08028557139946,756.3759145011556,1097.1304711635419
0.12018347999874528,0.31517351647141184,5.53599875703415,176.50923608681657,6.991702143560633,34.85177825242484,3.0987121687056165,359.29238315174297,187.67154328716177,0.43769364384585385,1040.698902038462,268.74886568910057,14.529692707004967,543.4648145580683,215.85783166238238,540.4477493779345,119.77621449628313,635.1941244450413,174.8683744823621,756.3129688192034,1097.1667459663258
0.1204271285188328,0.3143048793261766,5.517771728234499,176.08346744491982,6.974629052528058,34.856257913415675,3.098785173027822,358.8151002812866,187.68241615512665,0.4376135821500378,1040.7502011359152,268.71422540542613,14.467346426573293,543.4872979965742,215.76169275059675,540.6645750693613,119.7170537913988,635.136565290072,174.65680001824524,756.2501486880356,1097.2029452301142
0.12067220197796052,0.31343392883245913,5.499517251097969,175.65632704428074,6.957496462807009,34.86083239498312,3.09886345467853,358.33605819287106,187.69348676594942,0.43753387853431736,1040.801692913604,268.67925588716497,14.404939223017708,543.5098599329417,215.66514815069482,540.8820134696388,119.65767711735684,635.0787816186756,174.44432658450808,756.1870876388504,1097.2392802523798
0.12091727543708823,0.31256574372938883,5.481341566949582,175.2303043442378,6.9404043300197795,34.86547574333611,3.098946545658026,357.8580478696809,187.70469083703662,0.4374549892231341,1040.8530775301974,268.64416051130695,14.342834942378303,543.5323688975737,215.56876025724972,541.0987967069309,119.59843041851515,635.0211099236716,174.2321913318357,756.1241532564918,1097.2755393621026
0.12116234889621594,0.31170031484927874,5.463244095358518,174.80539551260094,6.9233526399477405,34.87018799923554,3.099034392006028,357.38106598198397,187.71602728913297,0.43737690039623284,1040.9043554689947,268.6089404298412,14.2810319302203,543.5548250655112,215.47252875269146,541.3149268875419,119.53931326854163,634.9635497471915,174.02039306796513,756.0613453658997,1097.3117228150995
0.12140742235534366,0.3108376308773905,5.44522426324171,174.38159673409123,6.906341377070658,34.87496919967135,3.0991269409879476,356.90510921458656,187.72749505125606,0.4372995987773137,1040.9555272097712,268.5735967866398,14.219528543435391,543.5772286119819,215.37645331768297,541.5304061097173,119.48032524220939,634.9061006337444,173.808930605522,755.9986637942841,1097.3478308654196
0.12164584142038595,0.3100009964579178,5.4277676860355815,173.9703668525091,6.8898307919819555,34.879686771179685,3.099221440970102,356.4430565423776,187.73877643296174,0.4372251394936994,1041.0052080429239,268.53909532202766,14.15998111550446,543.598973510004,215.28313605013278,541.7394118039624,119.4230624059814,634.8503175657994,173.60353103368536,755.9378052524211,1097.382886368871
0.12188426048542825,0.3091669419301658,5.410383541038259,173.56018047899892,6.873358430135568,34.88446965251556,3.0993202967535,355.98196792693125,187.7501801138544,0.4371514020464097,1041.0547892524064,268.5044790272265,14.100714222051383,543.6206689287686,215.18996588982813,541.9478053099859,119.3659209855775,634.7946387679632,173.3984470723104,755.8770659472286,1097.4178709825296
0.12212267955047053,0.30833545836831344,5.393071321280243,173.15103414288083,6.856924269274264,34.88931786778202,3.09942346312031,355.5218403551151,187.7617051301158,0.43707837566860963,1041.104271270102,268.4697489329303,14.041726377620975,543.6423150266688,215.09694253753116,542.1555885409742,119.30890059252714,634.7390638276039,173.19367764201178,755.8164457261104,1097.4527849389358
0.12236109861551282,0.307506535071555,5.375830525897212,172.74292438845066,6.840528286134843,34.89423143813086,3.0995308958245005,355.0626708265376,187.77335052506606,0.43700604999349335,1041.1536545249035,268.4349060627728,13.983016106563083,543.6639119622264,215.00406569267307,542.3627634028098,119.25200083939755,634.6835923341786,172.98922166773866,755.7559444382512,1097.4876284691218
0.12261952660263274,0.3066109268948155,5.357222919198264,172.3017314297395,6.822799384820869,34.89963120506762,3.0996521129364125,354.56604481365133,187.78610809463245,0.43692843436386997,1041.2070711376002,268.39701287279286,13.919690463860233,543.6872660425411,214.9035594291123,542.5866401790181,119.19046167238758,634.6235818479363,172.767959843724,755.6904998321631,1097.5253169129362
0.12287795458975267,0.30571830429959457,5.338698026629043,171.8617479307186,6.805115270764397,34.9051077976331,3.099778238004026,354.0705370980387,187.79900478057797,0.43685161815608886,1041.2603727529697,268.35898966225403,13.856687358898279,543.7105627461676,214.803224553821,542.8098068318986,119.12906329935156,634.5636919036555,172.54706368114802,755.6251945977639,1097.5629231785636
0.1231363825768726,0.30482865577821333,5.320255235409076,171.42296954533182,6.787475904838662,34.91066123149097,3.0999092185197603,353.57614390900653,187.81203939263847,0.43677558970032615,1041.3135599050004,268.3208377061635,13.794004947140547,543.7338022711789,214.7030606782732,543.0322657634796,119.06780523108854,634.5039219871747,172.32653182888305,755.5600285504239,1097.6004475585378
0.12339481056399251,0.30394196719381883,5.301893940521054,170.9853919481008,6.769881246972035,34.91629151876552,3.1000450031548943,353.0828614930565,187.82521075003226,0.4367003377767843,1041.3666331237907,268.28255827010634,13.73164139728264,543.7569848159492,214.60306741245213,543.2540193654755,119.00668697988505,634.4442715871409,172.10636294168367,755.4950015076258,1097.6378903432308
0.12367829491373021,0.30297269869689636,5.281845416412135,170.50676416232113,6.750632034158139,34.92255610277107,3.100199419025481,352.54302507373234,187.8398150460173,0.43661867004037325,1041.4247217400823,268.2404222520126,13.663595847836906,543.78234976507,214.49357487373504,543.4964651027681,118.93980312711113,634.3789745291452,171.86526304303425,755.4238293082697,1097.6788699616875
0.12396177926346791,0.30200696238888497,5.261893464049762,170.02957046006796,6.731436504080001,34.92891318244318,3.100359491024078,352.0045158596592,187.85458094727994,0.4365379101784346,1041.4826745803568,268.1981359906097,13.595929413274519,543.8076466430157,214.3842866409203,543.7380681086524,118.87308629344291,634.3138200084485,171.6245965354398,755.3528239238693,1097.7197521273183
0.12424526361320559,0.3010447432183183,5.2420373181831845,169.55380520963072,6.712294591223695,34.93536275985716,3.100525156236394,351.46732896699575,187.86950693402645,0.4364580451384035,1041.540492327727,268.1557011165691,13.528639724386458,543.832875706069,214.27520219233762,543.978831503547,118.80653584138037,634.2488073622712,171.38436166870753,755.2819851228106,1097.7605372212697
0.12452874796294329,0.3000860219394987,5.222276223844916,169.0794628089435,6.693206229418766,34.94190483268501,3.1006963532341625,350.9314595361947,187.8845914996365,0.43637906239449664,1041.5981756600181,268.1131192474238,13.461724430716693,543.8580372111882,214.16632100464918,544.2187583926134,118.74015113564302,634.1839359317744,171.14455670098775,755.2113126760534,1097.8012256213706
0.12485294360464601,0.29899388617995576,5.199792784446566,168.53873678601445,6.671442127294799,34.94949978027246,3.100898839574469,350.320242338845,187.9020348222522,0.4362898029898492,1041.6639790235945,268.06424406353045,13.385655315043246,543.8867296875939,214.04205181656445,544.492119915233,118.66443524468858,634.1099205427181,170.87083796727075,755.1306945482345,1097.8476392632028
0.1251771392463487,0.2979062824449755,5.177431590398034,167.99985604076264,6.649747854595312,34.95721567194431,3.101108395203331,349.710734660616,187.91968137579852,0.4362016646369861,1041.7296084685274,268.01518110699965,13.31006933067947,543.9153345179743,213.91804698556118,544.7643960686997,118.58893435313614,634.036088013548,170.59767663089687,755.0502933570931,1097.893927503125
0.12550133488805143,0.2968231890346453,5.155191563908657,167.46281232292685,6.6281232928765546,34.96505248452824,3.1013249352634604,349.10292934885473,187.93752896920165,0.4361146308968713,1041.7950649823767,267.96593273250306,13.234963039453147,543.943852077102,213.7943057197703,545.0355914354263,118.51364752168523,633.9624373787995,170.32507012880936,754.9701087734298,1097.9400909031442
0.12582553052975415,0.29574457579462593,5.133071643086392,166.92759743280902,6.606568324171223,34.97301018848215,3.1015483770777843,348.4968192913365,187.95557543291045,0.43602868605259865,1041.8603495442808,267.9165012732176,13.160333034770629,543.9722827416031,213.67082722531762,545.3057105710554,118.43857381491986,633.8889676794854,170.05301591183053,754.8901404716121,1097.9861300189746
0.12618742203703082,0.2945458117351959,5.108520312978073,166.332300556646,6.58258909440862,34.982035924261126,3.101805853273959,347.82222746685284,187.97595251565272,0.4359340157255236,1041.9330231567806,267.86110874734237,13.077583850113234,544.0039170001894,213.53330066235984,545.6059721738594,118.3550215031679,633.8071678354428,169.74997781179886,754.8011289237661,1098.0373762181234
0.1265493135443075,0.29335257241615376,5.084115914559667,165.7392610864395,6.5586962381917395,34.99121219625678,3.10207172076281,347.14972945907584,187.99657177200345,0.43584066350646,1042.0054850498339,267.80549414444795,12.995419274040275,544.0354439561055,213.39609942581595,545.9049046439077,118.27173230930832,633.7255909498666,169.4476212374907,754.7123860374608,1098.0884690166456
0.1269112050515842,0.29216482917703335,5.059857044296739,165.14846781457965,6.534889563149187,35.000538937962986,3.1023458739312457,346.4793155516132,188.01743027743794,0.4357486102555096,1042.077736546736,267.74966061223915,12.91383468377241,544.0668641176311,213.25922240076036,546.2025142207165,118.18870494972556,633.6442357192284,169.14594270822604,754.623911377391,1098.1394091836357
0.12727309655886088,0.29098253833459903,5.035742320765033,164.55990961141643,6.511168880040585,35.010016074651176,3.102628210035983,345.8109760889436,188.03852513919136,0.43565783773279876,1042.1497789586658,267.6936112666606,12.832825504637283,544.098177996962,213.12266847041053,546.4988071014568,118.10593814693004,633.563100849608,168.8449387642075,754.5357045125693,1098.1901974774876
0.12767362331501117,0.28968034870222,5.009219544515217,163.91110977256633,6.485015800925933,35.02068021912382,3.1029501078323496,345.07369212165884,188.06214417165089,0.4355588464421259,1042.2292703681142,267.63133025367824,12.743833206890702,544.1327116193538,212.97191147407028,546.8252043651815,118.01463745854817,633.4735594425306,168.51258218777113,754.4383924461843,1098.2462317493066
0.12807415007116146,0.2883847628302918,4.982869869609964,163.2650192512369,6.458967518222393,35.03152836176443,3.1032817756502507,344.33892450197885,188.08604538268293,0.43546137982138466,1042.3085089968342,267.56879279295185,12.655534084320045,544.1671163461625,212.82154734717844,547.1500046490622,117.92365265890686,633.3842846627927,168.1810430855765,754.3414073168508,1098.3020819498236
0.12847467682731178,0.2870957444704933,4.956691523197978,162.62162325009146,6.4330237362864215,35.04256037075719,3.1036230860445966,343.6066603974398,188.11022498367416,0.4353654161289025,1042.3874965680573,267.5060029678509,12.567922100265791,544.2013928475078,212.6715745650271,547.4732162088013,117.83298204300183,633.2952748004052,167.8503168633526,754.24474856205,1098.3577491026529
0.12887520358346208,0.2858132318299236,4.9306827618804565,161.9809070875833,6.4071841677559975,35.05377610418325,3.103973915189156,342.87688706386217,188.13467923108857,0.4352709347248356,1042.4662347882465,267.4429648166435,12.480991288805672,544.2355418010121,212.52199160187632,547.7948472357125,117.74262391508985,633.2065281590627,167.5203989570491,754.1484156240491,1098.4132342138798
0.1293114945795064,0.2844235599704156,4.902542574556395,161.28601181495813,6.379155529213604,35.06620221202938,3.1043667619886097,342.0847695577725,188.16162526668907,0.43516968021730024,1042.5517220148447,267.37401989513813,12.387066355506567,544.272595651957,212.35949371810503,548.1434086819227,117.64455105055727,633.1101546204155,167.16193618472093,754.0438509390502,1098.4734677943102
0.12974778557555072,0.2830415158417801,4.874599414959238,160.59426030426823,6.35124976718276,35.078845934819135,3.104770610266613,341.2955762432117,188.18888807771438,0.4350701362384913,1042.6369175315829,267.30479014554476,12.293935085078006,544.309499793212,212.19745458447716,548.490114855545,117.5468448044006,633.0140892628219,166.8044213422222,753.9396714986815,1098.5334878740348
0.13018407657159503,0.2816670562841341,4.846851156593657,159.90563398084979,6.323466459427777,35.09170705588647,3.105185313836095,340.5092910007749,188.21646300357907,0.43497227907713826,1042.721823472478,267.23528059681297,12.201589987506747,544.3462550651216,212.0358722209991,548.8349761395018,117.44950302340209,632.9183299539178,166.44784866367445,753.8358766066937,1098.5932957488221
0.13062036756763934,0.28030009832142255,4.819295709530374,159.22011443067035,6.295805199975825,35.10478534707353,3.1056107307759184,339.7258978308483,188.24434544347343,0.43487608632514285,1042.8064419498355,267.16549621806524,12.1100236700564,544.3828623206963,211.87474464843783,549.1780028255403,117.35252356737843,632.8228745795215,166.09221242409342,753.7324655714667,1098.6528926878752
0.13109525086914534,0.27882070017215277,4.789519589900864,158.47746670406133,6.265835358373851,35.11926704078078,3.1060857940014786,338.876477823181,188.27503844350983,0.43477325103342246,1042.898221102519,267.08923239683656,12.011234398642973,544.422540421256,211.6998790613579,549.5492988582806,117.24737508126452,632.7193186619893,165.70617594011492,753.620342760098,1098.7175230484554
0.13157013417065133,0.2773500794964301,4.759966888613069,157.73845462340412,6.236009017465993,35.1340054251728,3.1065732144310982,338.03044502560715,188.3060846090572,0.4346723347097066,1042.9896648214672,267.01265502153456,11.91334974674286,544.4620452038163,211.5255473780102,549.918446590379,117.14265061085756,632.6161176746768,165.3212349011361,753.5086730354409,1098.7819066621553
0.1320450174721573,0.2758881861329516,4.730635068872714,157.00305498902492,6.206325588423191,35.14900017188722,3.107072824892995,337.18777928272146,188.33747824171073,0.43457331123971543,1043.0807757374391,266.9357702459776,11.816360472564973,544.5013777172079,211.35174704425688,550.2854590112722,117.03834745064258,632.5132689718882,164.93738210667615,753.39745553235,1098.846045161554
0.1325199007736633,0.27443490807833865,4.701521638841268,156.2712448228214,6.176784511709878,35.16425093964961,3.107584463231304,336.34846060068094,188.36921372177358,0.43447615611377755,1043.171556453264,266.85858414530105,11.720257467744887,544.5405390312429,211.17847550974108,550.6503489822272,116.93446291324622,632.4107699318532,164.5546104111296,753.2866893895541,1098.9099401390713
0.13303691107405066,0.27286244353919614,4.670071009044081,155.47857014805868,6.144783986036771,35.18114529273982,3.108154980715074,335.43846817595113,188.40414665895295,0.43437247831810194,1043.27001791598,266.7742152479817,11.616626267958083,544.5829809097738,210.99043127798248,551.0452101532028,116.82183560760316,632.2995727124238,164.13910387985683,753.166609358639,1098.9792282535411
0.133553921374438,0.27130006102408083,4.6388732631389304,154.69009382545042,6.1129506811211245,35.19834222825994,3.108739371063783,334.53239410633154,188.4394711688058,0.4342709562718671,1043.3680943200536,266.689503902739,11.514023345072994,544.6252224149805,210.8030075160455,551.4375871026642,116.70969791107763,632.1887835602897,163.72486131708254,753.0470622200847,1099.0482316949485
0.13407093167482537,0.26974770393581615,4.607925381717671,153.90578694193604,6.081283789981151,35.2158412732166,3.109337442914071,333.63021323360647,188.4751803070554,0.43417156077648056,1043.4657889034054,266.6044576117347,11.412437327245572,544.6672648533217,210.61620094196613,551.8274960408957,116.5980464317954,632.07839919982,163.3118737500642,752.9280468904087,1099.1169525162434
0.13458794197521273,0.2682052194417885,4.577224400356726,153.12562088962986,6.0497825559874245,35.23364194015405,3.1099490108393173,332.73190061697466,188.51126723273333,0.43407426471277016,1043.56310486811,266.51908377418135,11.311857026043576,544.7091095656904,210.43000828230976,552.2149529984855,116.48687780295174,631.9684163866733,162.90013227932002,752.809562288345,1099.1853927095272
0.13514834770987708,0.2665443454382165,4.544222017643512,152.28461514664482,6.015823398848774,35.25327679835109,3.1106269446151398,331.7625280354542,188.55080198858485,0.4339711415683965,1043.6681651268257,266.4261825657548,11.203957496382762,544.7542447048925,210.22887705116847,552.632180440617,116.36691966415374,631.8496519263144,162.45522829575958,752.6817308155946,1099.2592628506443
0.13570875344454142,0.2648949230191523,4.511502705073518,151.44840538551196,5.982056853375772,35.27326481842311,3.1113203005379364,330.7976400821709,188.5907642463141,0.43387041953269545,1043.7727882272782,266.3329142008902,11.097212635767798,544.7991506676782,210.02845912208323,553.0465658038778,116.24752069088683,631.7313514467936,162.01176690853032,752.5545202887381,1099.3328082050111
0.13626915917920573,0.26325689141581876,4.479062925315348,150.6169561523621,5.948481845411244,35.29360535280255,3.1120288621170173,329.8372058446501,188.6311456890427,0.43377206589045936,1043.8769780932782,266.2392876631834,10.991608684865703,544.8438290556758,209.8287503529916,553.458128986923,116.1286766994117,631.6135109571245,161.5697371160573,752.4279293580832,1099.406031312938
0.13682956491387008,0.2616300437552926,4.446899206820502,149.79023240495846,5.915097382504429,35.314297737962065,3.11275241984746,328.88119469695664,188.6719381325728,0.4336760506980454,1043.9807386035477,266.1453118046622,10.887132132040552,544.8882815250503,209.6297466171875,553.8668896420359,116.0103835397615,631.4961265062653,161.1291280123245,752.3019566732162,1099.4789346245832
0.13742545027554537,0.25991239403452465,4.412998222811295,148.9163130686386,5.879807135003582,35.33668539507687,3.1135380082208552,327.86947592193303,188.71575500784746,0.4335764874081049,1044.0906015468756,266.04501282254216,10.77726283226562,544.93530224547,209.41891262042077,554.2984767473132,115.8852008076633,631.3718062684701,160.66217005311788,752.1686852783695,1099.5561054780505
0.13802133563722063,0.2582072321811435,4.379401539321503,148.04765586915153,5.844729785626118,35.359469305946114,3.114340082475467,326.86268759758775,188.76001794278676,0.43347949748253684,1044.1999879117368,265.94433900580015,10.668637188593143,544.9820711942906,209.20886616922004,554.7269405094555,115.76063131014668,631.2479925975667,160.19679333935153,752.0361097712348,1099.6329205564386
0.1386172209988959,0.25651449738270043,4.346105250714105,147.18421988281293,5.80986400534008,35.38264865822842,3.1151584106855394,325.860793951689,188.80471756984042,0.43338504580477083,1044.3089021781448,265.843300464591,10.561239538772783,545.02859022136,208.9996023523535,555.1523039146406,115.63667018985488,631.1246809146556,159.73298517302624,751.904228551458,1099.709382817572
0.1392131063605712,0.2548339302279696,4.3131055241630305,146.325964696572,5.775208581072174,35.406222623237994,3.115992768661465,324.8637595607346,188.84984467864382,0.43329310075559335,1044.417348773569,265.7419071538341,10.455054528041435,545.0748612527665,208.79111628174422,555.5745896393954,115.51331263129357,631.001866687915,159.2707329714022,751.773040014038,1099.7854950987623
0.13985290670255984,0.2530429736226516,4.2779997056438335,145.41018054603242,5.738231817891636,35.431972286606545,3.116906211731558,323.798616318794,188.89876309388882,0.4331971321679519,1044.5332718961936,265.63265764546446,10.342376629519674,545.1242683136418,208.568125683546,556.0245959743049,115.38153046990585,630.8705501195114,158.77613217233477,751.6329525887164,1099.866830317073
0.14049270704454853,0.251265877102322,4.243226924730752,144.5002737238762,5.70149436901109,35.45817489683516,3.117837617882069,322.7389915424742,188.94815286244165,0.4331039750856105,1044.648666236671,265.5230222919295,10.231060585849853,545.1733938055748,208.34602007725175,556.4711077832526,115.2504327639299,630.739796411716,158.28329557450488,751.4936598957406,1099.9477689712671
0.1411325073865372,0.24950258371644188,4.2087827452250925,143.59619572024897,5.66499456137302,35.484829430363504,3.118786730217867,321.6848427018072,188.99800315803196,0.43301359014128643,1044.7635370527344,265.4130127582422,10.121088096795367,545.2222399220839,208.1247934950721,556.9141523269856,115.12001372284537,630.6096001673801,157.7922081284975,751.35515996595,1100.0283145985595
0.14177230772852586,0.24775275105481537,4.1746628146663225,142.69789868406184,5.628730893708901,35.51193484554271,3.1197533009723046,320.63612770680936,189.04830334743318,0.43292594273266893,1044.8778895386185,265.30264052037575,10.012441261552551,545.270808969413,207.90444000321799,557.3537564612809,114.99026760965249,630.479956046609,157.3028549282124,751.2174508198087,1100.1084705664734
0.142420371849942,0.24599398172062814,4.140428401468654,141.79384396961433,5.592237858057121,35.53984896353152,3.120749905057218,319.5793642497547,189.09970117716855,0.43283991534709804,1044.9931958430077,265.1904844427909,9.903724395704723,545.3197250838821,207.68212441381397,557.7955585442911,114.85952588097648,630.349194899021,156.80893407906436,751.0787671512827,1100.1892681541474
0.1430684359713581,0.24424887353828997,4.106517987659535,140.8956231489978,5.555983663508646,35.56822356635371,3.1217639259174152,318.52809034801203,189.15153921288473,0.43275662053472075,1045.107980837032,265.0779792425668,9.79633127203281,545.3683613574126,207.46069245567566,558.2338854939321,114.72946290893383,630.2189894281631,156.31676234952428,750.9408907578509,1100.2696730653324
0.14371650009277423,0.242517373587252,4.072927339913458,140.00318804148432,5.519966569346746,35.59705759255853,3.1227951234241096,317.48226361295116,189.20380697443989,0.43267602095646945,1045.222249697139,264.9651361832767,9.690243984190282,545.4167199762031,207.24013806519142,558.6687643908864,114.60007290993101,630.0893342997748,155.8263247938231,750.8038195902398,1100.3496888375398
0.14436456421419036,0.24079913684149282,4.039652301492957,139.11649112706024,5.484185014177464,35.626349965570704,3.1238432660365656,316.44184209507034,189.25649416872156,0.4325980841712491,1045.3360075384624,264.85196634473846,9.585445023526018,545.464803242404,207.02045521719756,559.1002219077508,114.47135015453458,629.9602242352554,155.33760660937935,750.6675515862423,1100.4293188345466
0.14504064373068282,0.23902068899833087,4.0052707921357,138.19752760603077,5.447105810450782,35.65739598465545,3.124954531944918,315.3621597153609,189.31189508836232,0.4325195772902755,1045.4541438716103,264.73356770294504,9.477469971699701,545.5146739737116,206.79219801171365,559.5467132370508,114.33776780337398,629.8261081208758,154.82957812906383,750.5262465757272,1100.5119837774225
0.14571672324717527,0.23725652442537976,3.971223833961816,137.28470502592938,5.410279120461647,35.68893849449992,3.1260837386224978,314.28826817777315,189.36773020369657,0.4324438901843767,1045.5717351797432,264.61483732305476,9.370858731288815,545.5642497861118,206.5648760546555,559.9895394860383,114.20489909216185,629.6925737189924,154.3233885942479,750.3858110949236,1100.5942365249878
0.14639280276366776,0.23550659751583203,3.9375070022569028,136.37797114642956,5.373702979322331,35.7209763131353,3.1272306391207336,313.22012135139596,189.42398843817082,0.43237098370005256,1045.688787032489,264.49578706695934,9.265592174157101,545.6135330553743,206.33848263663228,560.4287300168941,114.07273771682381,629.5596152707874,153.81902180563557,750.2462428011468,1100.6760809405457
0.1470688822801602,0.23377050776897618,3.904115951557271,135.47727447836996,5.337375643073839,35.75350824306527,3.1283949958746002,312.15767359795603,189.48065891926947,0.43230082460301267,1045.8053049329906,264.37642859709325,9.161651626000893,545.6625263002451,206.1130110953025,560.8643137240609,113.94127743452373,629.4272270778632,153.31646172305437,750.1075393340953,1100.757520678652
0.14775372376501222,0.2320259758712345,3.8706199561432286,134.57100764666365,5.300829174942152,35.786964351129406,3.1295919984596,311.0872206743016,189.5384732113883,0.4322325183396685,1045.9227940726882,264.2552206962844,9.057696932780487,545.7118611929218,205.88555054508458,561.301894701061,113.80882189201725,629.2936987818263,152.80921426202366,749.967917574073,1100.8396071667787
0.14843856524986426,0.2302955068634674,3.837449558630181,133.67083078044314,5.264534010482769,35.82092506166323,3.1308064327846226,310.02252275911593,189.596688648073,0.4321669547811138,1046.0397464520847,264.13371988679285,8.955064870351277,545.7609032949647,205.65902230388647,561.7358336196921,113.67707304875907,629.1607440954286,152.30378815900409,749.8291783301387,1100.9212861731885
0.1491234067347163,0.22857905976233742,3.804600517866738,132.77669208655934,5.228488139708254,35.85538918635712,3.132038065318539,308.96353393157324,189.65529452443175,0.43210409621436735,1046.1561675565447,264.0119375788318,8.853736761450891,545.8096549717327,205.43341959519003,562.1661595843925,113.54602462231837,629.0283573297095,151.80016736102792,749.6913191399448,1101.0025615505588
0.1498082482195683,0.22687623094953252,3.772068665884543,131.88854052288312,5.192689780842594,35.89035552305764,3.1332866716847656,307.9102087617707,189.71428033295214,0.43204391109282697,1046.2720628069737,263.889884989259,8.753694380586808,545.858118735348,205.2087356930007,562.5929012304617,113.41567039176327,628.8965328543665,151.29833597364387,749.5543375218319,1101.083436938481
0.15051374067503534,0.22513624020248796,3.738883219502891,130.9798145392289,5.156068672764332,35.92690017445172,3.134590442313425,306.8309961732897,189.77543121364974,0.431984667992363,1046.3909085669584,263.7638809351916,8.651960645531364,545.9077452787974,204.97823031407316,563.0287929457627,113.28210482581245,628.7613154172575,150.78322678200368,749.4141403531839,1101.1663367876915
0.15121923313050237,0.22341057028518851,3.7060256846264785,130.07733391331996,5.119705985399079,35.963975285480366,3.135911751065059,305.7576976787554,189.83696325322208,0.4319281851061092,1046.5092077102179,263.63761345876753,8.551552687597201,545.9570712679085,204.74868566319347,563.460941752522,113.14926277354297,628.6266828182015,150.26998298488135,749.2748691282741,1101.2488202208858
0.1519247255859694,0.22169918820168352,3.6734917751414886,129.18104466122745,5.0835995662215305,36.001579614989865,3.1372503645599905,304.69026521457727,189.89886557267712,0.4318744239862006,1046.6269659210864,263.51109408675785,8.452451335050505,546.0060991766059,204.52009455764613,563.8893779760775,113.01713765459999,628.4926291457169,149.75858786386294,749.1365211173672,1101.3308912776363
0.15263021804143642,0.2200016520925814,3.641277277731086,128.29089360587236,5.047747521684001,36.039711907411906,3.1386060591980485,303.62865124013194,189.96112749740868,0.4318233532276933,1046.7441888170815,263.3843341464348,8.354637902929728,546.054831645866,204.29244987148468,564.3141314351244,112.88572295437469,628.3591485489542,149.24902486820645,748.9990935682446,1101.4125537590667
0.15334600334805895,0.21829345903909675,3.6089149956120217,127.3939746697969,5.011630204061062,36.07893886691789,3.1399987598377677,302.55744690566445,190.02465454776765,0.4317742483195799,1046.862580541688,263.25549033742374,8.256694595571648,546.1039756564023,204.06244390876105,564.7413485162594,112.75311039638315,628.2243002872048,148.73388321872022,748.8605988829759,1101.4949941576283
0.15406178865468145,0.2165994021838209,3.5768730470638093,126.50326575209176,4.975770380408562,36.11870681427421,3.1414085861649212,301.49213511329634,190.08853023064307,0.43172783736765696,1046.9804326174192,263.1264216189348,8.160038893128615,546.152820562489,203.8333975858429,565.1648355670143,112.6212158577968,628.0900300696442,148.22059392452167,748.7230459955165,1101.5770220983625
0.15477757396130398,0.21491945389897651,3.54514728671136,125.61871313650148,4.940165862617708,36.15901452433839,3.142835314754063,300.4326678280955,190.15274398965406,0.4316840828858193,1047.0977506721374,262.9971390940346,8.064652014933475,546.2013688371887,203.60530364408118,565.5846227485482,112.49003275944825,627.9563320286387,147.70914036820182,748.5864320091658,1101.6586416211182
0.1554933592679265,0.21325316533426142,3.5137336375719483,124.74026391736774,4.904814730790075,36.199860757895564,3.1442787320319106,299.37899753907675,190.21728546723457,0.4316429548234455,1047.2145402682916,262.8676536716216,7.970515668608742,546.2496231264566,203.37815488441132,566.0007397117791,112.35955458824625,627.8232003557491,147.199506100018,748.4507540036631,1101.7398565207016
0.156226616850711,0.21156032458168902,3.4818726521603067,123.84664569407374,4.868861177187955,36.242261206741375,3.1457744634488747,298.30556908813725,190.28373158176643,0.43160350790799923,1047.3336384521683,262.7348082680246,7.875359154405961,546.2987529996974,203.14643404219817,566.423239129265,112.22661567349469,627.6874002441516,146.67930119138344,748.3127315811198,1101.8226384354348
0.1569598744334955,0.20988170941109305,3.4503308016780814,122.95932180059488,4.833169005156096,36.2852242852192,3.147287258853164,297.23812483562585,190.350500195361,0.4315667417791257,1047.4521936283634,262.60177234867285,7.7814766767141945,546.347579499297,202.91568999256165,566.8419490753729,112.09440292263739,627.5521824115026,146.160971254106,748.175685171235,1101.9050040536056
0.15769313201628,0.20821730040208994,3.4191039515050177,122.07823723946149,4.7977359324648186,36.328748761261366,3.1488168975077175,296.1766153812537,190.41758076511684,0.43153261869194043,1047.5702115337258,262.46855690406517,7.688849308553889,546.3961051678605,202.68591519694016,567.2569004147717,111.96290956847018,627.4175408623607,145.6444993002083,748.0396116069484,1101.9869575323469
0.15842638959906447,0.20656661900748702,3.388188034248378,121.20333786189671,4.7625599699184535,36.37283338749499,3.150363169148452,295.12099187003514,190.48496294921577,0.4315011091747869,1047.6876978385487,262.33517272898143,7.597458635839986,546.4443327377879,202.45710218091713,567.6681234759579,111.83212891257455,627.2834696611626,145.12986851513742,747.9045076956379,1102.0685027633215
0.15917048699328365,0.204905538114661,3.357128863193131,120.32177265732565,4.727124542254917,36.41814113376943,3.1519490850048006,294.05573046222196,190.55363915225163,0.43147176763865314,1047.8063832432626,262.19965505569934,7.505962372973715,546.4929710802633,202.2258821989055,568.08164525125,111.70013669700431,627.1479935300218,144.60949508322318,747.7683945076134,1102.1508403087182
0.15991458438750283,0.2032584984251697,3.326381697363524,119.44646623733868,4.691949285023411,36.46402326839588,3.1535516953539635,292.99643064021996,190.62260507077227,0.4314450434068419,1047.9245327274693,262.0639852614689,7.415701975621347,546.5413076063968,201.9956373450263,568.491389755028,111.56886475330374,627.0130926838701,144.0909835157296,747.6332732091048,1102.2327658032943
0.16065868178172205,0.20162548632733465,3.2959425223739185,118.5773638920382,4.657031894231582,36.51047859871478,3.155170787937502,291.9430430372261,190.69185047155503,0.43142089953570273,1048.0421519762658,261.92817390113464,7.326658918188226,546.5893448581095,201.76636001934216,568.8973876730319,111.4383063191719,626.878761167921,143.57431694606106,747.4991404325634,1102.3142834006596
0.16140277917594123,0.20000601519362338,3.265807387668031,117.71441176364188,4.622370368349274,36.55750591608549,3.1568061612151053,290.89551883274845,190.76136531696108,0.4313993078407906,1048.1592466093716,261.7922313392747,7.238815190186367,546.6370855736867,201.53804268814753,569.2996691516774,111.30845470121494,626.7449930858693,143.0594786809079,747.3659927844078,1102.3953969817485
0.16215417292713233,0.19838438134556102,3.2356813539653846,116.84918446234786,4.587626310486617,36.605573630681256,3.1584738832320807,289.8436237530611,190.83182518388784,0.4313800572812476,1048.276962708252,261.65483292662066,7.151308885110349,546.6849960431829,201.30845311455124,569.7021544477192,111.17804031970056,626.610479161978,142.54143064409772,747.2325357419762,1102.4769000837514
0.1629055666783234,0.19677647062291226,3.2058574907239175,115.99011989219207,4.55313858398024,36.65422227953098,3.1601577943650514,288.7976092459833,190.90253978005734,0.43136333758059386,1048.3941551255998,261.51732123149986,7.064989140088182,546.7326092302962,201.07982723024293,570.100910995594,111.04833320870172,626.4765279510896,142.02521347053394,747.1000762641157,1102.5579994514749
0.1636569604295145,0.19518227347401748,3.1763319508368055,115.13716443011985,4.518904903921865,36.70345073566546,3.1618576932361875,287.7574267022656,190.97349931409138,0.4313491130919862,1048.5108294150966,261.37970622778,6.979838094334192,546.7799276400996,200.8521574925883,570.495968853575,110.91932671102136,626.3431336234707,141.51081066829997,746.9686108229424,1102.6386991719141
0.1644083541807056,0.19360130709030732,3.147100946831254,114.29026529016858,4.484923288419688,36.75325785567983,3.1635733892322837,286.7230280493446,191.04469418104605,0.4313373572051949,1048.626991067317,261.2419977077684,6.895838392497074,546.826953974678,200.6254364257574,570.8873575497156,110.79101423711307,626.210290405509,140.99820591559416,746.8381358649891,1102.7190030596716
0.1651675698293094,0.19201730066348993,3.117861028658211,113.44064795175105,4.4508416692058885,36.80417009605505,3.16532279217096,285.6836875330356,191.11685957856602,0.43132795044911515,1048.7438467868822,261.10277041056804,6.812116047792229,546.8741756986974,200.39731120971877,571.2791237692492,110.66206431457091,626.0766182633898,140.48207487081567,746.7073050562894,1102.7997449292502
0.16592678547791323,0.19044672518338487,3.0889142570804666,112.59710698488169,4.417012850924454,36.85567092275593,3.1670879307407502,284.650154933475,191.18924603631388,0.43132099478257424,1048.8601901732222,260.9634670295774,6.729533995282482,546.9211042672733,200.17013939273596,571.6672038183002,110.53380965495398,625.94349716755,139.9677467359288,746.5774781404957,1102.8800908048659
0.16668600112651707,0.18888957518502683,3.06025693264407,111.75958973186088,4.383434567837894,36.907759279222866,3.1688686133293618,283.6223822970565,191.2618441622102,0.4313164557070371,1048.9760266641622,260.8240969941813,6.648074986693485,546.9677421539936,199.94391348047802,572.0516271967267,110.4062436929269,625.8109213979637,139.45520536345617,746.4486514169148,1102.9600447146254
0.1674452167751209,0.187345370078383,3.031885411978722,110.92804435940255,4.350104858542753,36.96043409164207,3.1706646592036227,282.600322198738,191.33464474233708,0.43131430807974236,1049.0913616363866,260.6846695601583,6.567722271317906,547.0140920308004,199.71862604585428,572.4324228818646,110.27935992966978,625.6788852886048,138.94443477329136,746.3208211598225,1103.0396104136717
0.1682105460455389,0.18580181600759166,3.003571076787358,110.09579499257602,4.316756100565474,37.01412561242415,3.172490529559024,281.57576604546426,191.40822726946564,0.43131452902146805,1049.2071231311882,260.54407043840314,6.487825278746476,547.0605261062434,199.4924668472283,572.812642514253,110.15213837601314,625.5463264893975,138.43132744495654,746.1929662890435,1103.1194278964576
0.1689758753159569,0.18427134757537975,2.9755399391661537,109.26950989730571,4.2836554662599715,37.068411045274,3.1743316406021678,280.5569196426671,191.48199720819613,0.43131711356594477,1049.322385740418,260.4034311982373,6.409018728562639,547.1066724559566,199.26724636512392,573.1892341261434,110.02559702639422,625.4143047612058,137.91998764331794,746.0661163677855,1103.198858849046
0.1697412045863749,0.18275396238707764,2.947788461460067,108.44913771777993,4.2508007285026075,37.123289416641676,3.1761878111578374,279.5437360087076,191.5559456050797,0.4313220285409787,1049.4371547538576,260.2627606796479,6.331286082984334,547.1525335063278,199.0429572087822,573.5622264718883,109.89972945107806,625.2828145284427,137.41039967540746,745.9402675437871,1103.2779072130115
0.1705065338567929,0.18124918767851028,2.920313158415207,107.63462790178747,4.218189961470721,37.17875973498829,3.178058870948736,278.53616867777373,191.63006367529732,0.4313292503418879,1049.5514354025113,260.122067558069,6.254611288705009,547.1981118805364,198.81959205434293,573.9316477964952,109.77452928510449,625.1518502670674,136.90254801160197,745.8154159407462,1103.3565766600022
0.17127844084027435,0.1797442400195087,2.89287799683543,106.8190049341268,4.185543836423624,37.23530546737067,3.179960915809489,277.5255839308606,191.70498185580118,0.43133883756148783,1049.666208805882,259.9801509203379,6.178332789392734,547.2437980708156,198.59523573761248,574.3006554598147,109.64892272392116,625.0202876669122,136.3920747848415,745.690497453065,1103.4355423320878
0.17205034782375583,0.17825205861163806,2.8657168508889335,106.00924378349684,4.153141497945855,37.29245150788397,3.181877755585536,276.5206190762985,191.78005514375047,0.43135070742289056,1049.7804958814497,259.83822836766797,6.103098012150844,547.2892015596118,198.3718046274797,574.6660873990943,109.52398231875024,624.8892490701586,135.8833368107093,745.5665854526246,1103.5141303430294
0.17282225480723729,0.1767726441406009,2.8388263277733397,105.2052942717384,4.120980755724456,37.350196968316816,3.183809218590673,275.5212280029319,191.8552749815911,0.4313648279444304,1049.8943017858933,259.69630818890306,6.028891075957538,547.3343247314161,198.14929142593158,575.0279716948367,109.39970176178973,624.758729030755,135.37631881965697,745.4436759261687,1103.5923445560736
0.17359416179071874,0.17530553018882516,2.812203083901494,104.40710700590425,4.089059718499065,37.40854094149502,3.1857551441041556,274.5273651042007,191.9306329717329,0.4313811769589399,1050.007631619206,259.55439851662413,5.95569657291758,547.3791701665767,197.92768890148577,575.3863359298888,109.27607480842231,624.6287221519705,134.87100570190404,745.3217648374019,1103.6701885667728
0.17437180975029654,0.1738399325267244,2.7856487839730515,103.6087603555404,4.057141493971569,37.467923205169996,3.187729998312561,273.53165473941436,192.00668275422916,0.4313998688837487,1050.1213280293532,259.41145205448186,5.88296588587554,547.4240706638625,197.70535183033766,575.7438338037725,109.15218305428189,624.4982618765877,134.36364324173178,745.1999525506953,1103.7482410128891
0.17514945770987433,0.17238676371335385,2.759359125046463,102.8161628374812,4.025462245269104,37.527911240425574,3.1897191989435063,272.5414637037495,192.08285606730604,0.4314207610836201,1050.2345514386054,259.26853220760535,5.811231735094362,547.468694035982,197.48392451548122,576.097814521822,109.02894216442802,624.3683116601376,133.85798101536773,745.0791453556898,1103.8259253495085
0.17592710566945213,0.1709460269096453,2.733330860771127,102.02926558128547,3.9940198278082963,37.58850425043866,3.191722583802326,271.5567468886645,192.15914475105734,0.43144382280979593,1050.3473068589774,259.12564670904067,5.740478924227742,547.5130426190367,197.26339977689665,576.4483054202665,108.90634597111499,624.2388661990688,133.35400422294572,744.9593390893455,1103.903245350057
0.17670475362902993,0.16951726462958272,2.707560790897589,101.2480204799388,3.962812391705053,37.649701418487645,3.1937400016808484,270.57745967708877,192.23554079659073,0.4314690333211037,1050.459599248003,258.98280314408925,5.670692716529927,547.557118942633,197.0437705003427,576.7953333517047,108.78438836794317,624.1099202368459,132.85169822029272,744.8405295667718,1103.9802045242152
0.17749135420437728,0.16808422569179737,2.68175351625626,100.4634827728402,3.9314826049008005,37.71221698976746,3.195794761089299,269.5923771580417,192.3129175217882,0.431496689000473,1050.572718325868,258.8383652990283,5.601071457817715,547.6014280551169,196.82251654389083,577.1428606596882,108.66167023775547,623.9799926679239,132.34529449703402,744.7213619964014,1104.0576863633262
0.17827795477972466,0.16666338888709625,2.6562040040893127,99.68463055442946,3.9003889819232382,37.77534920410556,3.1978635616600815,268.6127596671188,192.39038801289678,0.43152648354593864,1050.6853736454575,258.69398537560716,5.532409212311814,547.645463312906,196.60216436011962,577.4868993558075,108.53959314046331,623.8505655741915,131.8405707998824,744.6032056089497,1104.1348065388647
0.17906455535507204,0.16525476124420704,2.630909107400187,98.91141563730488,3.869529397973265,37.8390973498951,3.1999462482443204,267.63856253341476,192.46794438538603,0.4315583869804228,1050.7975701394967,258.54967066271314,5.464691263357571,547.6892270324242,196.382706800402,577.8274763841965,108.41815097110667,623.721633726039,131.33751261735324,744.4860560371718,1104.2115687822745
0.1798511559304194,0.16385788456856393,2.6058657232150226,98.14379058971868,3.8389020254138613,37.90346069398787,3.2020426769345973,266.66974157256936,192.5455788996639,0.4315923797584927,1050.9093126874907,258.4054283075155,5.397903349794136,547.7327217260604,196.16413678201272,578.1646182102295,108.29733768519824,623.5931919393303,130.8361055919078,744.3699088927275,1104.287976559213
0.18065110467070608,0.1624493454323549,2.580652185205891,97.36882383106875,3.8079909488441612,37.96954651899078,3.204188619984167,265.68994899716483,192.62460311281572,0.4316290615937638,1051.022490836149,258.25881961663595,5.330921258108273,547.776680935206,195.94276077779907,578.5039851214169,108.17511309122251,623.4630679125512,130.32786883414485,744.2528143477559,1104.3653211450987
0.18145105341099277,0.16105291715527775,2.555692466706456,96.59954076718122,3.7773157565579543,38.03626725204905,3.2063484684271426,264.7156259590081,192.70369238273958,0.4316678453751713,1051.1352094737936,258.11230008526155,5.264871621208769,547.8203666441327,195.72228813772048,578.839853753373,108.05352652032516,623.3334401345301,129.82131048909108,744.1367473550389,1104.4423066672498
0.18225100215127948,0.15966861281767158,2.5309834657728056,95.83589311010596,3.746874309398836,38.10362226142533,3.2085220714384115,263.7467275042875,192.7828389596019,0.4317087013402028,1051.2474735348317,257.9658766779811,5.199739961057262,547.8637811862228,195.5027116308618,579.1722510991029,107.93257183185042,623.2043033640142,129.31641610877764,744.021703262262,1104.518936876096
0.18305095089156617,0.15829596059645612,2.5065221235410142,95.07783333780581,3.7166647771777153,38.171610891168434,3.2107092900179657,262.7832091712702,192.86203523573894,0.4317516109236415,1051.3592879005796,257.8195562208833,5.1355122632015195,547.9069270999158,195.2840240935477,579.5012036658871,107.81224294596073,623.0756524045497,128.8131714003668,743.9076773962239,1104.5952152460713
0.18385273714757816,0.15693184974953409,2.482250098870436,94.32359209273037,3.6866164759255353,38.2403909248139,3.212915048603328,261.8228321169518,192.94145577693044,0.43179664997456085,1051.4709126929138,257.6730096207437,5.0720300631582935,547.9499048665704,195.06571912995088,579.8274816458247,107.69225959090456,622.9471882801806,128.3104119680036,743.794406641819,1104.6713194533131
0.18465452340359015,0.155579412068733,2.4582208810155355,93.57487022094986,3.6567970095982028,38.309806358663856,3.2151341976781787,260.867771972403,193.0209112991013,0.43184369578418375,1051.5820953418038,257.5265796213352,5.0094280913875044,547.9926173688641,194.84829303019433,580.1503516540579,107.57289290458306,622.8192019697932,127.80928172040703,743.6821493668016,1104.7470775040981
0.18545630965960214,0.1542386605018335,2.4344315412705737,92.83162139466677,3.627204320677525,38.3798566706067,3.2173665969641907,259.9179854284606,193.10039450094155,0.4318927201418076,1051.6928405739566,257.38027257761667,4.9476927195826175,548.0350668598462,194.63173879331023,580.469839582934,107.45413697368726,622.6916884432937,127.30976689687263,743.5709008302098,1104.82249300441
0.18625809591561412,0.152909144687974,2.410879190512295,92.09380001382917,3.597836646647547,38.45054131400194,3.2196121177591244,258.97342964564734,193.1798982123201,0.4319437059465822,1051.8031530659575,257.23409471622307,4.886810758571373,548.0772557885572,194.41604948340955,580.7859708641781,107.33598594276329,622.5646427125262,126.81185388530474,743.4606562720203,1104.8975692962886
0.18706564386553434,0.15158143185386444,2.3873942751043433,91.35611685596436,3.568483352749137,38.52237461774207,3.2218869006311204,258.0273305685098,193.25998681650339,0.4319970122834496,1051.9138255256278,257.0870031104141,4.826340585256148,548.1194867545,194.19967752443242,581.1010065806316,107.21759144659956,622.4371518987437,126.3119683971239,743.3506294803437,1104.9728457825931
0.1878731918154546,0.15026508655745685,2.364144037649339,90.62384790405308,3.5393542816800188,38.59485047323651,3.224174723391426,257.0864519037703,193.34008195518405,0.4320522543557071,1052.0240683350887,256.94005470619834,4.766709553625551,548.1614578963029,193.98416905540003,581.412688376711,107.09979886343868,622.3101256848494,125.81368076522159,743.2416114256577,1105.0477852750225
0.1886807397653748,0.1489601234390809,2.3411256696853946,89.89694803529086,3.510447424455823,38.667968459539715,3.2264754535653344,256.15075129927874,193.42017663552272,0.43210940496274647,1052.1338860913213,256.793255375229,4.707904644408635,548.2031714215881,193.76951719739608,581.7210414697912,106.98260241311702,622.1835591697603,125.31697769678311,743.1335972097198,1105.1223912935538
0.18948828771529502,0.1476661013490216,2.318336399940677,89.17537283372477,3.4817610618898867,38.74172813000984,3.228788970296005,255.22018686018328,193.50026398818818,0.43216844822505907,1052.2432833430557,256.64661086816403,4.649913264643588,548.2446297310677,193.55571513558363,582.0260906303765,106.86599637155058,622.0574474923403,124.82184604389468,743.0265819164664,1105.196667098645
0.1902972696664701,0.14638075548837948,2.2957336495137155,88.45781094967406,3.4532428802718638,38.816261809255565,3.2311192869890175,254.29307825747463,193.58047941451255,0.4322294667142724,1052.352457729594,256.4998667875737,4.592621983757096,548.285907938717,193.342378702261,582.3283934458302,106.74976957773282,621.9315631232231,124.32739780282245,742.9203732323717,1105.2707471517663
0.19110625161764516,0.1451063634085107,2.2733553885214395,87.74550468858105,3.4249420880737866,38.891438738042694,3.233462183323513,253.37104128719156,193.66067398676694,0.432292333258098,1052.461219073692,256.3532891453552,4.536122074522915,548.3269343714232,193.12988159803166,582.6274297434012,106.63412399435315,621.8061256472544,123.83450078259654,742.8151571158728,1105.344502663076
0.19191523356882026,0.14384293913980423,2.251198964863027,87.03841078796741,3.39685675629237,38.96725860195068,3.235817536181678,252.45403518563137,193.74084110243817,0.43235702205872173,1052.569571776761,256.20688326664487,4.480401299440098,548.3677111593465,192.9182171713926,582.9232237024141,106.51905406019316,621.6811303632751,123.34314235518082,742.7109285910693,1105.4179370134968
0.19272421551999533,0.1425900625326196,2.22926176057167,86.33648665579764,3.368985231766872,39.04372106064424,3.238185233797712,251.54201962503836,193.8209742726619,0.43242351852457167,1052.677520194673,256.0606543647126,4.425447824015801,548.4082406166001,192.7073788327237,583.2157990793596,106.40455426730536,621.5565726074907,122.8533100312778,742.607682665919,1105.4910533364343
0.19353700001323879,0.14134192137049734,2.207439625042852,85.63642685013079,3.3411961238886474,39.12118979564922,3.2405763719632703,250.63070277118925,193.90144345971598,0.432492121913084,1052.7855732049895,255.9139214484289,4.370996836064972,548.448713612245,192.49637480412795,583.506532189078,106.29008495918924,621.4318653683133,122.36269979970041,742.5049359345909,1105.5641963904543
0.19434978450648227,0.1401044025177161,2.185833612846742,84.94150053554918,3.3136190756148505,39.199306670542484,3.2429797349220126,249.72434319602624,193.98186552405633,0.43256250097940674,1052.8932267624812,255.7673772689947,4.317296657665731,548.4889411736868,192.2861915084058,583.7940638896802,106.17618021315765,621.307590538268,121.87360538870401,742.4031709300656,1105.6370250452496
0.19516256899972573,0.13887752044661067,2.1644411953074663,84.25166584602395,3.28625221760183,39.27807147238759,3.2453952071632237,248.82290130551866,194.06223416332088,0.4326346309875252,1053.0004851208569,255.62102668594426,4.2643356828204855,548.5289253749069,192.07682245599403,584.0784175851779,106.062834629444,621.1837435657966,121.38601470258114,742.3023825568284,1105.7095425783764
0.19597535349296918,0.13766086873251618,2.143259875493374,83.56688155998883,3.259093947590443,39.357483961610384,3.247822684436354,247.92633792629556,194.14254318098634,0.4327084984745083,1053.107352490328,255.47487445430474,4.212102692221614,548.5686684683421,191.86826121773151,584.3596162739559,105.950042859469,621.0603199346606,120.8999157799258,742.2025657045376,1105.7817520273445
0.19678968366626726,0.13645216695833676,2.1222475224111115,82.88581878676074,3.2320913879963973,39.437696847755205,3.250266704739689,247.03292309443998,194.2229389932652,0.432784223924514,1053.2140351512003,255.32864781906525,4.160489177405843,548.6082473901461,191.6601070830695,584.6382086554236,105.83758668511278,620.9370816770554,120.41437666794172,742.1035281834357,1105.853793045042
0.19760401383956533,0.1352537121388764,2.1014421810742228,82.20974394312843,3.205294589610504,39.51855958098093,3.2527225556231496,246.14432788971232,194.30326275281152,0.4328616468220949,1053.3203336311929,255.182629419615,4.109584078130982,548.6475883742352,191.45275110620975,584.913679695811,105.72567587081652,620.8142594841074,119.93031154841043,742.0054555829902,1105.9255311846302
0.19841834401286337,0.13406551806272332,2.080841458721466,81.53861683228003,3.178701756209457,39.60007204918199,3.255190129569861,245.26051416224809,194.38350848063558,0.4329407436361494,1053.426252009221,255.03682364063178,4.0593764784558255,548.6866934243512,191.2461870070194,585.1860518744938,105.61430521532945,620.6918489835589,119.44770893912013,741.9083427320046,1105.9969695975838
0.19923267418616145,0.1328871972522602,2.0604429917474283,80.87239786940671,3.152311345987852,39.68223411340737,3.2576693300775164,244.38144416378188,194.46367029511734,0.4330215020081795,1053.5317943230586,254.8912347701571,4.009855828416485,548.7255647143677,191.0404085637452,585.4553472867187,105.50346956608819,620.5698458362383,118.9665574866946,741.8121844459007,1106.0681112062043
0.2000499392184969,0.13171455953142744,2.040172029316103,80.20867301311594,3.126027583379356,39.7653453433169,3.260169049901413,243.50393779575896,194.54403079821668,0.4331041981468893,1053.6373429215976,254.74534345069426,3.9608367540977656,548.7643430540751,190.83467219272683,585.7225419412212,105.39276724149975,620.4478082464746,118.48511974257826,741.7166341042084,1106.1392138968015
0.20086720425083235,0.13055184503860312,2.0201001337935143,79.54981294145581,3.099944210632469,39.84911075132874,3.2626802744145698,242.6311344444596,194.6242951374204,0.4331885232951145,1053.7425207327783,254.59967886199954,3.9124884866236798,548.8028899128143,190.6297147756067,585.9866816912777,105.28259356668151,620.3261723738852,118.00512128708417,741.6220347281169,1106.210023801211
0.2016844692831678,0.1293990674444216,2.000225027638476,78.89577884158089,3.0740594921872955,39.933530322827636,3.2652029029479057,241.76299715033028,194.70445759783365,0.43327445490965,1053.8473316901216,254.45424496750272,3.8648007048480735,548.8412072369975,190.4255302023188,586.2477882543625,105.17294350395059,620.2049339947297,117.52655117172668,741.5283810459792,1106.2805439665449
0.20250173431550325,0.12825585395000264,1.9805444602833966,78.24653248644927,3.0483719372669733,40.018604015858685,3.2677368457019074,240.89948934001404,194.78451255474636,0.4333619816266322,1053.9517796879504,254.30904564075016,3.8177634370523355,548.879297136948,190.22211241959062,586.5058829812356,105.06381206225485,620.0840889164568,117.04939857244376,741.4356677739815,1106.3507772189712
0.2033207433462238,0.1271197994005808,1.9610148459081738,77.60066566744662,3.0228256653548926,40.104515505097865,3.2702874478080344,240.03874683790883,194.86462491480248,0.4334512724910693,1054.0560903057826,254.16377554068956,3.7712683782494487,548.9172420864517,190.01902377773698,586.7615283015634,104.95496307207445,619.9633763792211,116.57263914179708,741.3436947626615,1106.4208755007414
0.20413975237694437,0.12599332998029336,1.9416761905444728,76.95953121035923,2.9974740340597257,40.19108399423564,3.2728492204333426,239.1825812219033,194.94461820559346,0.43354212277598053,1054.1600440951997,254.018748428745,3.7254067316292776,548.9549624804312,189.81669320472284,587.0141913661561,104.84662505422176,619.8430505647594,116.09728206296191,741.2526555261558,1106.4906915806075
0.20495876140766495,0.12487645868567405,1.9225263342517798,76.32309178350805,2.9723153735720294,40.27830956343993,3.2754220696705008,238.33095683078275,195.024486975163,0.43363451095931826,1054.26364483487,253.87396785828912,3.6801687804251983,548.9924602023284,189.61511478058108,587.2638930791954,104.73879314898365,619.7231074086616,115.62331694993492,741.1625447168483,1106.5602283926542
0.2057777704383855,0.12376882955295267,1.9035631418681678,75.69131061244003,2.947348247587093,40.36619226532625,3.27800591225984,237.48383837272232,195.1042258545183,0.4337284266195473,1054.366896266297,253.7294372995582,3.6355451391157336,549.0297372920539,189.41428264032362,587.51065399714,104.6314625410818,619.6035428757903,115.1507335363458,741.0733569761748,1106.629488659695
0.20659932639899495,0.12266704432415478,1.8847264118468827,75.062208043585,2.9224942734701416,40.4550085936868,3.2806087426335893,236.6385774246375,195.18407686520268,0.43382414706359435,1054.4701215583846,253.58471182851795,3.591390462268077,549.0669105048546,189.21356987955912,587.7552483210075,104.52429701284956,619.4839829210642,114.67805851149798,740.9848138594529,1106.698689356036
0.2074208823596044,0.12157453977369359,1.8660733131054459,74.43771960012761,2.8978297803069144,40.544486418408646,3.2832224552159213,235.7977804577523,195.26378653809076,0.43392136384401897,1054.5730027662426,253.4402445760618,3.547835158074586,549.1038654370022,189.0135963966995,587.9969245088903,104.41762636303129,619.3647959791915,114.2067536234661,740.897188731795,1106.767617516779
0.20824243832021386,0.12049132851658542,1.8476017897279344,73.81780924993897,2.873353156140427,40.63462591178307,3.2858469620667132,234.96141295087725,195.343349643279,0.43402005631589186,1054.6755435323498,253.29603872340132,3.5048700506753434,549.1406039170059,188.8143564376689,588.2357027563248,104.31144588802462,619.24597812567,113.73680899904144,740.81047615531,1106.8362759765994
0.2090639942808233,0.11941706886723458,1.829309808641666,73.20244149341023,2.8490630130406585,40.7254272181764,3.28848218572884,234.1294407376796,195.42276102745416,0.43412021491877667,1054.7777474637896,253.15209737461478,3.462486279826863,549.177127923634,188.61584430182774,588.4716029275996,104.20575092674733,619.1275254635754,113.26821488052,740.7246706822253,1106.9046673670055
0.2098874642754703,0.11834929258183004,1.8111533832049267,72.59016316213037,2.8249018363228413,40.81710441908317,3.2911342169407414,233.2999069345721,195.50220004652954,0.4342220571123757,1054.879855067674,253.00808910602376,3.4205782277628525,549.2135236048733,188.4175943715427,588.7051843947161,104.10029230709888,619.0091594503064,112.79987465795787,740.6395700946732,1106.972952871068
0.209999999999001,0.11820459643352799,1.808696225025543,72.50710302678704,2.82162513653075,40.82972398757797,3.2914980929874007,233.18713674526285,195.51303398806104,0.4342361708856041,1054.893763858437,252.9884460062282,3.414928456696736,549.2184684993197,188.39059984348012,588.7367159758252,104.08594569188979,618.9930325958459,112.73605391187621,740.6280632576076,1106.982248881617
0.21000000000000002,0.11820459643352799,1.808696225025543,72.50710302678704,2.82162513653075,40.82972398757797,3.2914980929874007,233.18713674526285,195.51303398806104,0.4342361708856041,1054.893763858437,252.9884460062282,3.414928456696736,549.2184684993197,188.39059984348012,588.7367159758252,104.08594569188979,618.9930325958459,112.73605391187621,740.6280632576076,1106.982248881617